1 SIMPLE_RADIAL 1270 488 4145.7135149999995, 6732.809930614238, 7104.502080699084, 0
ML0_673757778EDR_S0872902MCAM00037D1
2 SIMPLE_RADIAL 1270 488 3928.71347, 6974.925604042368, 7130.21125087239, 0
ML0_673757797EDR_S0872902MCAM00037D1
3 SIMPLE_RADIAL 1270 488 3689.053674999999, 7212.739616701285, 7154.334396432232, 0
ML0_673757813EDR_S0872902MCAM00037D1
4 SIMPLE_RADIAL 1270 488 3443.4011249999994, 7425.68572647267, 7174.881055570832, 0
ML0_673757840EDR_S0872902MCAM00037D1
5 SIMPLE_RADIAL 1270 488 3192.83378, 7611.920661139974, 7191.857259605542, 0
ML0_673757856EDR_S0872902MCAM00037D1
6 SIMPLE_RADIAL 1270 488 2935.4589749999996, 7771.300898830819, 7205.743449323056, 0
ML0_673757884EDR_S0872902MCAM00037D1
7 SIMPLE_RADIAL 1270 488 3014.5990295, 7816.677688199101, 7037.1301022145035, 0
ML0_674204096EDR_S0880000MCAM00054D1
8 SIMPLE_RADIAL 1270 488 3260.517796, 7674.180058306511, 7025.059472726698, 0
ML0_674204124EDR_S0880000MCAM00054D1
9 SIMPLE_RADIAL 1270 488 3512.2746725000006, 7497.086123405856, 7009.734053774567, 0
ML0_674204140EDR_S0880000MCAM00054D1
10 SIMPLE_RADIAL 1270 488 3759.591973, 7291.162909839907, 6991.6303245686895, 0
ML0_674204168EDR_S0880000MCAM00054D1
11 SIMPLE_RADIAL 1270 488 2934.4112849999997, 7931.694594228879, 6846.761845930048, 0
ML0_674204273EDR_S0880000MCAM00054D1
12 SIMPLE_RADIAL 793 709 11843.22985, 19315.879198016453, 20486.657426419428, 0
MR0_673757778EDR_S0872902MCAM00037D1
13 SIMPLE_RADIAL 793 709 11222.6404, 20014.385761935322, 20551.593730503857, 0
MR0_673757797EDR_S0872902MCAM00037D1
14 SIMPLE_RADIAL 793 709 8390.67575, 22293.072732803244, 20732.384672896507, 0
MR0_673757884EDR_S0872902MCAM00037D1
15 SIMPLE_RADIAL 793 709 8769.508150000001, 22377.27136324464, 20169.470202215063, 0
MR0_674204096EDR_S0880000MCAM00054D1
16 SIMPLE_RADIAL 793 709 9477.163349999999, 21966.61436138234, 20126.80423329018, 0
MR0_674204124EDR_S0880000MCAM00054D1
17 SIMPLE_RADIAL 793 709 10200.503999999999, 21458.204749476085, 20074.671270915544, 0
MR0_674204140EDR_S0880000MCAM00054D1
18 SIMPLE_RADIAL 793 709 10909.906599999998, 20869.06362984174, 20014.744029794067, 0
MR0_674204168EDR_S0880000MCAM00054D1
