1 SIMPLE_RADIAL 1270 488 4145.713515 6732.809931 7104.502081 0.0
2 SIMPLE_RADIAL 1270 488 3928.713470 6974.925604 7130.211251 0.0
3 SIMPLE_RADIAL 1270 488 3689.053675 7212.739617 7154.334396 0.0
4 SIMPLE_RADIAL 1270 488 3443.401125 7425.685726 7174.881056 0.0
5 SIMPLE_RADIAL 1270 488 3192.833780 7611.920661 7191.857260 0.0
6 SIMPLE_RADIAL 1270 488 2935.458975 7771.300899 7205.743449 0.0
7 SIMPLE_RADIAL 1270 488 3014.599030 7816.677688 7037.130102 0.0
8 SIMPLE_RADIAL 1270 488 3260.517796 7674.180058 7025.059473 0.0
9 SIMPLE_RADIAL 1270 488 3512.274673 7497.086123 7009.734054 0.0
10 SIMPLE_RADIAL 1270 488 3759.591973 7291.162910 6991.630325 0.0
11 SIMPLE_RADIAL 1270 488 2934.411285 7931.694594 6846.761846 0.0
12 SIMPLE_RADIAL 793 709 11843.229850 19315.879198 20486.657426 0.0
13 SIMPLE_RADIAL 793 709 11222.640400 20014.385762 20551.593731 0.0
14 SIMPLE_RADIAL 793 709 8390.675750 22293.072733 20732.384673 0.0
15 SIMPLE_RADIAL 793 709 8769.508150 22377.271363 20169.470202 0.0
16 SIMPLE_RADIAL 793 709 9477.163350 21966.614361 20126.804233 0.0
17 SIMPLE_RADIAL 793 709 10200.504000 21458.204749 20074.671271 0.0
18 SIMPLE_RADIAL 793 709 10909.906600 20869.063630 20014.744030 0.0
